204 624 2887 3036
478 724 1060 1140
827 281 2248 1461
391 436 3255 3353
716 421 2216 1782
869 538 3031 2421
811 703 2670 2826
253 711 1561 2028
859 37 3257 2417
190 35 2414 2010
648 264 2372 2054
6 350 1627 2132
954 84 1785 834
944 308 2832 2786
82 118 1497 1319
704 658 2677 3349
745 21 3278 2187
97 573 2774 2691
767 355 1952 1669
941 150 2303 1491
337 7 1892 1885
209 909 1506 2576
30 506 1968 2610
410 655 1827 2381
41 595 1307 1850
596 20 2636 1515
734 281 1444 522
127 788 1171 1312
421 807 2003 2634
935 616 2069 2049
303 798 1724 1949
195 702 1252 1994
503 314 1996 1627
798 796 2312 2150
622 472 1193 1832
958 657 2213 1771
634 202 1172 1472
875 886 2065 1758
998 881 2708 1889
892 476 2235 1141
869 3 2247 1493
2 423 2513 2546
757 617 2015 2072
976 189 2794 2022
549 434 1632 1784
139 753 1081 1780
437 549 1970 2391
286 416 2213 2341
701 114 1366 606
185 355 1080 1773
756 313 1694 1227
196 144 1820 1432
466 173 1445 778
154 24 681 404
22 474 1228 2143
202 391 1443 1514
874 334 2438 1998
518 297 1332 1874
985 192 2102 816
527 99 1358 516
181 61 1454 2235
492 31 1091 542
360 187 708 757
711 833 1707 1929
694 140 2499 2327
658 694 2173 2103
484 851 1766 1921
60 87 248 242
227 576 2249 3185
565 86 760 336
928 629 2527 2077
737 596 2545 2344
116 202 902 1249
153 547 984 618
851 940 2079 2904
365 578 2402 2802
760 303 832 517
801 887 1623 2078
540 405 3233 2533
823 350 1401 1407
357 526 1953 1712
617 22 1652 1565
129 423 938 1343
53 855 1443 1872
369 457 2947 3115
67 635 1614 2306
511 754 2430 3388
626 870 2933 2811
701 279 3419 2930
176 993 1096 2016
641 413 2932 2371
424 877 2596 2729
313 40 1965 1839
112 932 2472 3500
90 685 1520 2906
651 314 1790 2298
605 192 2420 1930
292 608 1649 1639
541 467 3096 3017
215 77 647 1148
759 392 2949 2750
498 786 1922 2153
663 221 3207 3008
164 240 1747 1662
232 818 1907 2815
98 422 2137 2897
75 913 1540 2055
519 262 2287 1898
508 245 3343 3159
152 472 1111 1709
527 423 1602 1360
347 543 2112 1758
681 49 1266 862
954 758 2190 2542
620 430 3345 2896
185 226 2464 2258
359 923 659 1628
411 726 1880 2184
515 584 1114 635
948 196 3789 2199
705 404 1022 1154
736 36 2081 1663
838 936 1376 2212
625 841 1720 1820
634 662 1346 870
233 262 2471 2464
124 148 1335 1690
318 80 980 823
676 903 2753 2774
282 948 2129 3136
369 831 2077 2357
945 3 3320 1767
589 698 2836 2652
508 234 2362 1715
869 937 3306 3352
555 215 935 1302
954 82 2796 1751
951 815 1895 1469
788 73 1980 1834
941 8 3584 2918
200 778 1808 2721
153 867 366 1983
598 650 1864 2065
667 249 1365 1553
816 826 2293 2746
340 964 1459 2662
415 309 2508 2343
423 762 3168 2690
307 907 1687 2237
84 809 1676 1907
345 54 2453 1459
439 114 2567 2021
479 269 3390 2889
486 498 1828 1892
392 146 942 1171
98 807 630 1528
448 352 2386 2612
336 567 2675 2646
230 816 1852 2507
560 940 1687 2496
754 361 1723 1310
638 569 2380 2079
528 615 2375 2456
161 962 1093 2335
333 350 1711 1867
393 278 2579 2865
505 135 2368 1571
608 970 1905 1981
194 652 1482 1873
174 640 2498 2788
565 419 3144 2668
64 609 2124 2435
573 695 1414 1101
268 31 2414 1381
552 910 2178 2184
902 364 2030 1223
547 122 2029 1106
343 950 1692 2709
912 428 3092 1948
759 223 2698 2155
806 945 1993 2299
556 532 1580 1231
376 331 2607 2300
220 776 2368 2665
486 324 1198 1402
68 668 1956 2665
871 426 3681 3191
508 545 1929 2642
850 501 1663 1108
869 454 1274 1360
472 634 2547 2263
770 877 3156 3722
23 237 2017 2022
182 310 867 837
258 651 1044 1254
472 610 1184 1819
865 867 1839 1964
458 598 3084 2731
435 489 2564 2567
330 360 1446 1676
735 766 1264 1354
352 328 2864 2785
432 647 1778 2179
15 649 1582 1983
851 523 3345 2305
697 990 1845 2829
487 340 3256 2756
252 193 2588 2474
529 785 1391 1641
578 549 2050 2420
497 620 2528 2855
418 159 2652 2601
8 380 1910 1807
196 607 2633 3018
890 56 1057 815
954 741 2212 1783
599 904 2685 2926
240 584 544 1054
523 249 1798 1953
678 916 2289 3053
729 7 1662 421
784 899 1622 1739
514 929 1816 2667
651 748 1960 1275
916 629 3465 3047
91 693 2751 2910
551 236 2821 2723
180 394 2109 1530
78 578 785 837
975 170 3678 2537
282 214 1593 1341
810 882 1191 1792
538 321 2525 1790
189 759 1537 1669
860 614 2159 1944
82 431 1091 1285
281 296 1943 1312
376 135 542 1124
635 922 2257 3468
926 680 2444 2119
363 855 2680 3012
550 274 2227 2267
465 643 1870 1636
247 381 703 1706
320 989 2472 3574
948 578 1571 1566
694 20 1502 598
617 978 2659 2145
97 928 295 1642
420 199 1441 634
580 318 2415 2551
360 507 1466 1556
693 268 2499 2353
768 406 3142 2487
388 38 974 82
987 584 1878 1941
665 447 2688 2186
964 221 2565 1811
80 593 2298 2261
216 251 1089 822
663 779 1352 977
720 874 1333 2328
808 71 2933 2717
375 440 2325 2160
202 797 1406 2883
740 493 1832 1849
72 335 1261 2200
481 588 1947 2343
136 12 697 744
512 922 2164 1875
290 650 1503 1514
979 640 2544 1479
753 652 1812 1841
420 83 528 1136
864 652 2555 2524
326 487 1911 2030
710 588 1941 1680
955 589 1967 1352
196 487 2414 2449
962 790 1807 1791
134 669 2871 2704
838 218 2725 2558
723 801 2439 3052
771 692 1978 2273
445 421 1892 1510
15 151 1257 2112
654 608 1043 1456
339 290 2321 2179
981 724 1514 1655
987 846 2241 1729
963 338 2603 1844
737 908 1637 1387
561 734 1802 2054
741 119 928 415
836 667 1979 2310
737 577 1015 1564
432 793 674 1770
719 74 1898 1221
974 290 2905 1911
893 239 1824 572
479 176 1488 963
515 639 2903 2497
581 828 2545 2896
243 834 1064 2523
346 687 1546 2092
162 690 2344 2885
189 260 2936 2540
360 566 2492 2639
867 425 1188 1312
99 617 1024 1058
636 570 730 819
819 962 2140 2334
803 591 3248 3072
383 791 1478 2017
78 954 913 1862
750 103 2813 1606
641 338 1718 1075
683 302 1857 1170
8 135 2410 2683
42 178 1463 1094
913 380 2096 1941
462 504 2775 2493
74 552 1634 2027
65 118 1207 660
511 747 1707 2246
53 679 1894 2915
22 850 671 1024
616 477 1747 1449
179 798 2546 2770
420 262 2352 2415
917 888 3298 2701
389 65 2090 2197
631 28 2498 1973
295 407 1645 2215
236 71 1702 1417
630 893 2181 2651
662 290 1413 1620
640 717 1677 1482
386 245 2453 2534
283 497 2425 2400
271 787 946 1708
530 700 2083 1778
622 459 2084 1586
567 614 2298 1508
538 670 2270 1817
758 752 2081 2621
759 34 2351 965
137 933 1715 1992
498 627 1398 1044
669 931 3294 3788
443 123 2629 2322
816 967 2712 3290
684 223 2423 1875
814 811 2867 2443
195 474 979 1397
447 889 2317 2490
503 89 1558 533
641 395 1343 1367
390 85 2549 2166
277 502 1158 1757
428 885 3024 3174
260 265 2435 2035
773 927 1718 1838
737 1 1341 944
935 80 1911 1290
37 712 1045 1827
47 539 2760 2697
829 858 2836 2981
862 675 2797 2164
608 542 990 1166
382 78 922 609
426 721 1703 1537
961 700 3011 2601
137 16 1956 2188
58 821 2016 2119
891 41 2296 2004
715 841 1315 2284
93 452 2082 2639
324 224 1033 1154
629 862 1215 2295
24 400 1115 1446
677 407 1828 1205
85 621 2487 2979
621 18 3087 2028
927 108 2029 1332
819 600 1907 1952
632 808 1607 2428
827 20 2022 1763
321 2 2227 1551
761 708 1478 972
260 842 1711 2712
63 113 963 778
411 12 2249 1609
7 507 2295 3163
790 441 2447 1710
402 472 488 1353
528 275 2146 2000
892 107 2459 1640
407 472 1879 1766
607 409 1978 1837
514 947 761 1494
632 756 2444 2291
553 160 2015 1766
42 629 1838 2298
466 154 1488 1144
776 267 3073 2852
216 469 465 985
793 947 2700 2398
117 626 1753 1929
866 154 2326 993
551 100 1937 2261
385 361 2214 2256
946 504 2051 1192
74 464 2280 2397
591 292 1601 1965
498 330 3153 2455
914 317 1831 1455
909 453 2966 2579
367 883 2882 3332
310 567 1237 1567
238 764 2447 2667
405 657 2339 2114
320 675 1166 1361
631 489 2797 3067
927 259 3133 2357
853 396 2787 2093
272 854 1994 2363
471 229 1124 603
33 366 1310 1463
982 208 2613 1907
538 887 1841 2089
509 633 2242 2111
593 258 1760 1506
937 94 3574 2246
492 817 1391 1262
389 710 1586 1824
569 182 2569 2224
807 527 2009 1059
664 693 1063 1794
48 909 835 2077
633 127 3123 2174
142 340 1199 947
430 935 1106 1693
29 927 2314 3126
321 293 1623 1469
270 671 1840 2684
986 40 2530 1575
262 312 2695 2519
556 248 1124 1339
332 99 973 621
66 26 158 189
695 380 3014 2479
854 88 3318 2287
837 577 2729 2372
323 448 1850 1544
411 908 914 1609
256 828 2444 3595
805 253 2984 1686
900 285 3108 1798
32 281 2853 2850
635 306 2129 1690
233 768 2090 3015
34 879 2966 3472
926 258 2111 1812
484 719 2484 2974
867 582 1539 1465
237 540 2177 1940
42 403 2698 2681
615 16 1358 841
325 698 2574 2674
339 396 1583 1334
280 911 495 1929
327 873 2107 2630
641 241 1939 1963
403 695 2519 2200
41 79 1416 1334
692 621 942 1731
639 893 1628 2196
892 850 1892 900
346 547 1587 2058
405 886 2295 3442
991 19 1856 1345
912 421 1337 1599
942 328 3573 2506
720 262 1569 1238
984 174 1691 1287
851 32 2464 964
917 290 2642 1727
248 269 1866 2219
993 148 1435 846
104 14 1761 1447
798 892 2577 2355
774 549 3247 3419
238 833 1084 1530
245 88 2575 2373
258 421 991 989
906 723 1458 2019
118 923 1875 2491
813 510 2504 2446
578 245 2623 2391
204 624 2887 3036
478 724 1060 1140
827 281 2248 1461
391 436 3255 3353
716 421 2216 1782
869 538 3031 2421
811 703 2670 2826
253 711 1561 2028
859 37 3257 2417
190 35 2414 2010
648 264 2372 2054
6 350 1627 2132
954 84 1785 834
944 308 2832 2786
82 118 1497 1319
704 658 2677 3349
745 21 3278 2187
97 573 2774 2691
767 355 1952 1669
941 150 2303 1491
337 7 1892 1885
209 909 1506 2576
30 506 1968 2610
410 655 1827 2381
41 595 1307 1850
596 20 2636 1515
734 281 1444 522
127 788 1171 1312
421 807 2003 2634
935 616 2069 2049
303 798 1724 1949
195 702 1252 1994
503 314 1996 1627
798 796 2312 2150
622 472 1193 1832
958 657 2213 1771
634 202 1172 1472
875 886 2065 1758
998 881 2708 1889
892 476 2235 1141
869 3 2247 1493
2 423 2513 2546
757 617 2015 2072
976 189 2794 2022
549 434 1632 1784
139 753 1081 1780
437 549 1970 2391
286 416 2213 2341
701 114 1366 606
185 355 1080 1773
756 313 1694 1227
196 144 1820 1432
466 173 1445 778
154 24 681 404
22 474 1228 2143
202 391 1443 1514
874 334 2438 1998
518 297 1332 1874
985 192 2102 816
527 99 1358 516
181 61 1454 2235
492 31 1091 542
360 187 708 757
711 833 1707 1929
694 140 2499 2327
658 694 2173 2103
484 851 1766 1921
60 87 248 242
227 576 2249 3185
565 86 760 336
928 629 2527 2077
737 596 2545 2344
116 202 902 1249
153 547 984 618
851 940 2079 2904
365 578 2402 2802
760 303 832 517
801 887 1623 2078
540 405 3233 2533
823 350 1401 1407
357 526 1953 1712
617 22 1652 1565
129 423 938 1343
53 855 1443 1872
369 457 2947 3115
67 635 1614 2306
511 754 2430 3388
626 870 2933 2811
701 279 3419 2930
176 993 1096 2016
641 413 2932 2371
424 877 2596 2729
313 40 1965 1839
112 932 2472 3500
90 685 1520 2906
651 314 1790 2298
605 192 2420 1930
292 608 1649 1639
541 467 3096 3017
215 77 647 1148
759 392 2949 2750
498 786 1922 2153
663 221 3207 3008
164 240 1747 1662
232 818 1907 2815
98 422 2137 2897
75 913 1540 2055
519 262 2287 1898
508 245 3343 3159
152 472 1111 1709
527 423 1602 1360
347 543 2112 1758
681 49 1266 862
954 758 2190 2542
620 430 3345 2896
185 226 2464 2258
359 923 659 1628
411 726 1880 2184
515 584 1114 635
948 196 3789 2199
705 404 1022 1154
736 36 2081 1663
838 936 1376 2212
625 841 1720 1820
634 662 1346 870
233 262 2471 2464
124 148 1335 1690
318 80 980 823
676 903 2753 2774
282 948 2129 3136
369 831 2077 2357
945 3 3320 1767
589 698 2836 2652
508 234 2362 1715
869 937 3306 3352
555 215 935 1302
954 82 2796 1751
951 815 1895 1469
788 73 1980 1834
941 8 3584 2918
200 778 1808 2721
153 867 366 1983
598 650 1864 2065
667 249 1365 1553
816 826 2293 2746
340 964 1459 2662
415 309 2508 2343
423 762 3168 2690
307 907 1687 2237
84 809 1676 1907
345 54 2453 1459
439 114 2567 2021
479 269 3390 2889
486 498 1828 1892
392 146 942 1171
98 807 630 1528
448 352 2386 2612
336 567 2675 2646
230 816 1852 2507
560 940 1687 2496
754 361 1723 1310
638 569 2380 2079
528 615 2375 2456
161 962 1093 2335
333 350 1711 1867
393 278 2579 2865
505 135 2368 1571
608 970 1905 1981
194 652 1482 1873
174 640 2498 2788
565 419 3144 2668
64 609 2124 2435
573 695 1414 1101
268 31 2414 1381
552 910 2178 2184
902 364 2030 1223
547 122 2029 1106
343 950 1692 2709
912 428 3092 1948
759 223 2698 2155
806 945 1993 2299
556 532 1580 1231
376 331 2607 2300
220 776 2368 2665
486 324 1198 1402
68 668 1956 2665
871 426 3681 3191
508 545 1929 2642
850 501 1663 1108
869 454 1274 1360
472 634 2547 2263
770 877 3156 3722
23 237 2017 2022
182 310 867 837
258 651 1044 1254
472 610 1184 1819
865 867 1839 1964
458 598 3084 2731
435 489 2564 2567
330 360 1446 1676
735 766 1264 1354
352 328 2864 2785
432 647 1778 2179
15 649 1582 1983
851 523 3345 2305
697 990 1845 2829
487 340 3256 2756
252 193 2588 2474
529 785 1391 1641
578 549 2050 2420
497 620 2528 2855
418 159 2652 2601
8 380 1910 1807
196 607 2633 3018
890 56 1057 815
954 741 2212 1783
599 904 2685 2926
240 584 544 1054
523 249 1798 1953
678 916 2289 3053
729 7 1662 421
784 899 1622 1739
514 929 1816 2667
651 748 1960 1275
916 629 3465 3047
91 693 2751 2910
551 236 2821 2723
180 394 2109 1530
78 578 785 837
975 170 3678 2537
282 214 1593 1341
810 882 1191 1792
538 321 2525 1790
189 759 1537 1669
860 614 2159 1944
82 431 1091 1285
281 296 1943 1312
376 135 542 1124
635 922 2257 3468
926 680 2444 2119
363 855 2680 3012
550 274 2227 2267
465 643 1870 1636
247 381 703 1706
320 989 2472 3574
948 578 1571 1566
694 20 1502 598
617 978 2659 2145
97 928 295 1642
420 199 1441 634
580 318 2415 2551
360 507 1466 1556
693 268 2499 2353
768 406 3142 2487
388 38 974 82
987 584 1878 1941
665 447 2688 2186
964 221 2565 1811
80 593 2298 2261
216 251 1089 822
663 779 1352 977
720 874 1333 2328
808 71 2933 2717
375 440 2325 2160
202 797 1406 2883
740 493 1832 1849
72 335 1261 2200
481 588 1947 2343
136 12 697 744
512 922 2164 1875
290 650 1503 1514
979 640 2544 1479
753 652 1812 1841
420 83 528 1136
864 652 2555 2524
326 487 1911 2030
710 588 1941 1680
955 589 1967 1352
196 487 2414 2449
962 790 1807 1791
134 669 2871 2704
838 218 2725 2558
723 801 2439 3052
771 692 1978 2273
445 421 1892 1510
15 151 1257 2112
654 608 1043 1456
339 290 2321 2179
981 724 1514 1655
987 846 2241 1729
963 338 2603 1844
737 908 1637 1387
561 734 1802 2054
741 119 928 415
836 667 1979 2310
737 577 1015 1564
432 793 674 1770
719 74 1898 1221
974 290 2905 1911
893 239 1824 572
479 176 1488 963
515 639 2903 2497
581 828 2545 2896
243 834 1064 2523
346 687 1546 2092
162 690 2344 2885
189 260 2936 2540
360 566 2492 2639
867 425 1188 1312
99 617 1024 1058
636 570 730 819
819 962 2140 2334
803 591 3248 3072
383 791 1478 2017
78 954 913 1862
750 103 2813 1606
641 338 1718 1075
683 302 1857 1170
8 135 2410 2683
42 178 1463 1094
913 380 2096 1941
462 504 2775 2493
74 552 1634 2027
65 118 1207 660
511 747 1707 2246
53 679 1894 2915
22 850 671 1024
616 477 1747 1449
179 798 2546 2770
420 262 2352 2415
917 888 3298 2701
389 65 2090 2197
631 28 2498 1973
295 407 1645 2215
236 71 1702 1417
630 893 2181 2651
662 290 1413 1620
640 717 1677 1482
386 245 2453 2534
283 497 2425 2400
271 787 946 1708
530 700 2083 1778
622 459 2084 1586
567 614 2298 1508
538 670 2270 1817
758 752 2081 2621
759 34 2351 965
137 933 1715 1992
498 627 1398 1044
669 931 3294 3788
443 123 2629 2322
816 967 2712 3290
684 223 2423 1875
814 811 2867 2443
195 474 979 1397
447 889 2317 2490
503 89 1558 533
641 395 1343 1367
390 85 2549 2166
277 502 1158 1757
428 885 3024 3174
260 265 2435 2035
773 927 1718 1838
737 1 1341 944
935 80 1911 1290
37 712 1045 1827
47 539 2760 2697
829 858 2836 2981
862 675 2797 2164
608 542 990 1166
382 78 922 609
426 721 1703 1537
961 700 3011 2601
137 16 1956 2188
58 821 2016 2119
891 41 2296 2004
715 841 1315 2284
93 452 2082 2639
324 224 1033 1154
629 862 1215 2295
24 400 1115 1446
677 407 1828 1205
85 621 2487 2979
621 18 3087 2028
927 108 2029 1332
819 600 1907 1952
632 808 1607 2428
827 20 2022 1763
321 2 2227 1551
761 708 1478 972
260 842 1711 2712
63 113 963 778
411 12 2249 1609
7 507 2295 3163
790 441 2447 1710
402 472 488 1353
528 275 2146 2000
892 107 2459 1640
407 472 1879 1766
607 409 1978 1837
514 947 761 1494
632 756 2444 2291
553 160 2015 1766
42 629 1838 2298
466 154 1488 1144
776 267 3073 2852
216 469 465 985
793 947 2700 2398
117 626 1753 1929
866 154 2326 993
551 100 1937 2261
385 361 2214 2256
946 504 2051 1192
74 464 2280 2397
591 292 1601 1965
498 330 3153 2455
914 317 1831 1455
909 453 2966 2579
367 883 2882 3332
310 567 1237 1567
238 764 2447 2667
405 657 2339 2114
320 675 1166 1361
631 489 2797 3067
927 259 3133 2357
853 396 2787 2093
272 854 1994 2363
471 229 1124 603
33 366 1310 1463
982 208 2613 1907
538 887 1841 2089
509 633 2242 2111
593 258 1760 1506
937 94 3574 2246
492 817 1391 1262
389 710 1586 1824
569 182 2569 2224
807 527 2009 1059
664 693 1063 1794
48 909 835 2077
633 127 3123 2174
142 340 1199 947
430 935 1106 1693
29 927 2314 3126
321 293 1623 1469
270 671 1840 2684
986 40 2530 1575
262 312 2695 2519
556 248 1124 1339
332 99 973 621
66 26 158 189
695 380 3014 2479
854 88 3318 2287
837 577 2729 2372
323 448 1850 1544
411 908 914 1609
256 828 2444 3595
805 253 2984 1686
900 285 3108 1798
32 281 2853 2850
635 306 2129 1690
233 768 2090 3015
34 879 2966 3472
926 258 2111 1812
484 719 2484 2974
867 582 1539 1465
237 540 2177 1940
42 403 2698 2681
615 16 1358 841
325 698 2574 2674
339 396 1583 1334
280 911 495 1929
327 873 2107 2630
641 241 1939 1963
403 695 2519 2200
41 79 1416 1334
692 621 942 1731
639 893 1628 2196
892 850 1892 900
346 547 1587 2058
405 886 2295 3442
991 19 1856 1345
912 421 1337 1599
942 328 3573 2506
720 262 1569 1238
984 174 1691 1287
851 32 2464 964
917 290 2642 1727
248 269 1866 2219
993 148 1435 846
104 14 1761 1447
798 892 2577 2355
774 549 3247 3419
238 833 1084 1530
245 88 2575 2373
258 421 991 989
906 723 1458 2019
118 923 1875 2491
813 510 2504 2446
578 245 2623 2391
204 624 2887 3036
478 724 1060 1140
827 281 2248 1461
391 436 3255 3353
716 421 2216 1782
869 538 3031 2421
811 703 2670 2826
253 711 1561 2028
859 37 3257 2417
190 35 2414 2010
648 264 2372 2054
6 350 1627 2132
954 84 1785 834
944 308 2832 2786
82 118 1497 1319
704 658 2677 3349
745 21 3278 2187
97 573 2774 2691
767 355 1952 1669
941 150 2303 1491
337 7 1892 1885
209 909 1506 2576
30 506 1968 2610
410 655 1827 2381
41 595 1307 1850
596 20 2636 1515
734 281 1444 522
127 788 1171 1312
421 807 2003 2634
935 616 2069 2049
303 798 1724 1949
195 702 1252 1994
503 314 1996 1627
798 796 2312 2150
622 472 1193 1832
958 657 2213 1771
634 202 1172 1472
875 886 2065 1758
998 881 2708 1889
892 476 2235 1141
869 3 2247 1493
2 423 2513 2546
757 617 2015 2072
976 189 2794 2022
549 434 1632 1784
139 753 1081 1780
437 549 1970 2391
286 416 2213 2341
701 114 1366 606
185 355 1080 1773
756 313 1694 1227
196 144 1820 1432
466 173 1445 778
154 24 681 404
22 474 1228 2143
202 391 1443 1514
874 334 2438 1998
518 297 1332 1874
985 192 2102 816
527 99 1358 516
181 61 1454 2235
492 31 1091 542
360 187 708 757
711 833 1707 1929
694 140 2499 2327
658 694 2173 2103
484 851 1766 1921
60 87 248 242
227 576 2249 3185
565 86 760 336
928 629 2527 2077
737 596 2545 2344
116 202 902 1249
153 547 984 618
851 940 2079 2904
365 578 2402 2802
760 303 832 517
801 887 1623 2078
540 405 3233 2533
823 350 1401 1407
357 526 1953 1712
617 22 1652 1565
129 423 938 1343
53 855 1443 1872
369 457 2947 3115
67 635 1614 2306
511 754 2430 3388
626 870 2933 2811
701 279 3419 2930
176 993 1096 2016
641 413 2932 2371
424 877 2596 2729
313 40 1965 1839
112 932 2472 3500
90 685 1520 2906
651 314 1790 2298
605 192 2420 1930
292 608 1649 1639
541 467 3096 3017
215 77 647 1148
759 392 2949 2750
478 724 1060 1140
827 281 2248 1461
391 436 3255 3353
716 421 2216 1782
869 538 3031 2421
811 703 2670 2826
253 711 1561 2028
859 37 3257 2417
190 35 2414 2010
648 264 2372 2054
6 350 1627 2132
954 84 1785 834
944 308 2832 2786
82 118 1497 1319
704 658 2677 3349
745 21 3278 2187
97 573 2774 2691
767 355 1952 1669
941 150 2303 1491
337 7 1892 1885
209 909 1506 2576
30 506 1968 2610
410 655 1827 2381
41 595 1307 1850
596 20 2636 1515
734 281 1444 522
127 788 1171 1312
421 807 2003 2634
935 616 2069 2049
303 798 1724 1949
195 702 1252 1994
503 314 1996 1627
798 796 2312 2150
622 472 1193 1832
958 657 2213 1771
634 202 1172 1472
875 886 2065 1758
998 881 2708 1889
892 476 2235 1141
869 3 2247 1493
2 423 2513 2546
757 617 2015 2072
976 189 2794 2022
549 434 1632 1784
139 753 1081 1780
437 549 1970 2391
286 416 2213 2341
701 114 1366 606
185 355 1080 1773
756 313 1694 1227
196 144 1820 1432
466 173 1445 778
154 24 681 404
22 474 1228 2143
202 391 1443 1514
874 334 2438 1998
518 297 1332 1874
985 192 2102 816
527 99 1358 516
181 61 1454 2235
492 31 1091 542
360 187 708 757
711 833 1707 1929
694 140 2499 2327
658 694 2173 2103
484 851 1766 1921
60 87 248 242
227 576 2249 3185
565 86 760 336
928 629 2527 2077
737 596 2545 2344
116 202 902 1249
153 547 984 618
851 940 2079 2904
365 578 2402 2802
760 303 832 517
801 887 1623 2078
540 405 3233 2533
823 350 1401 1407
357 526 1953 1712
617 22 1652 1565
129 423 938 1343
53 855 1443 1872
369 457 2947 3115
67 635 1614 2306
511 754 2430 3388
626 870 2933 2811
701 279 3419 2930
176 993 1096 2016
641 413 2932 2371
424 877 2596 2729
313 40 1965 1839
112 932 2472 3500
90 685 1520 2906
651 314 1790 2298
605 192 2420 1930
292 608 1649 1639
541 467 3096 3017
215 77 647 1148
759 392 2949 2750
498 786 1922 2153
663 221 3207 3008
164 240 1747 1662
232 818 1907 2815
98 422 2137 2897
75 913 1540 2055
519 262 2287 1898
508 245 3343 3159
152 472 1111 1709
527 423 1602 1360
347 543 2112 1758
681 49 1266 862
954 758 2190 2542
620 430 3345 2896
185 226 2464 2258
359 923 659 1628
411 726 1880 2184
515 584 1114 635
948 196 3789 2199
705 404 1022 1154
736 36 2081 1663
838 936 1376 2212
625 841 1720 1820
634 662 1346 870
233 262 2471 2464
124 148 1335 1690
318 80 980 823
676 903 2753 2774
282 948 2129 3136
369 831 2077 2357
945 3 3320 1767
589 698 2836 2652
508 234 2362 1715
869 937 3306 3352
555 215 935 1302
954 82 2796 1751
951 815 1895 1469
788 73 1980 1834
941 8 3584 2918
200 778 1808 2721
153 867 366 1983
598 650 1864 2065
667 249 1365 1553
816 826 2293 2746
340 964 1459 2662
415 309 2508 2343
423 762 3168 2690
307 907 1687 2237
84 809 1676 1907
345 54 2453 1459
439 114 2567 2021
479 269 3390 2889
486 498 1828 1892
392 146 942 1171
98 807 630 1528
448 352 2386 2612
336 567 2675 2646
230 816 1852 2507
560 940 1687 2496
754 361 1723 1310
638 569 2380 2079
528 615 2375 2456
161 962 1093 2335
333 350 1711 1867
393 278 2579 2865
505 135 2368 1571
608 970 1905 1981
194 652 1482 1873
174 640 2498 2788
565 419 3144 2668
64 609 2124 2435
573 695 1414 1101
268 31 2414 1381
552 910 2178 2184
902 364 2030 1223
547 122 2029 1106
343 950 1692 2709
912 428 3092 1948
759 223 2698 2155
806 945 1993 2299
556 532 1580 1231
376 331 2607 2300
220 776 2368 2665
486 324 1198 1402
68 668 1956 2665
871 426 3681 3191
508 545 1929 2642
850 501 1663 1108
869 454 1274 1360
472 634 2547 2263
770 877 3156 3722
23 237 2017 2022
182 310 867 837
258 651 1044 1254
472 610 1184 1819
865 867 1839 1964
458 598 3084 2731
435 489 2564 2567
330 360 1446 1676
735 766 1264 1354
352 328 2864 2785
432 647 1778 2179
15 649 1582 1983
851 523 3345 2305
697 990 1845 2829
487 340 3256 2756
252 193 2588 2474
529 785 1391 1641
578 549 2050 2420
497 620 2528 2855
418 159 2652 2601
8 380 1910 1807
196 607 2633 3018
890 56 1057 815
954 741 2212 1783
599 904 2685 2926
240 584 544 1054
523 249 1798 1953
678 916 2289 3053
729 7 1662 421
784 899 1622 1739
514 929 1816 2667
651 748 1960 1275
916 629 3465 3047
91 693 2751 2910
551 236 2821 2723
180 394 2109 1530
78 578 785 837
975 170 3678 2537
282 214 1593 1341
810 882 1191 1792
538 321 2525 1790
189 759 1537 1669
860 614 2159 1944
82 431 1091 1285
281 296 1943 1312
376 135 542 1124
635 922 2257 3468
926 680 2444 2119
363 855 2680 3012
550 274 2227 2267
465 643 1870 1636
247 381 703 1706
320 989 2472 3574
948 578 1571 1566
694 20 1502 598
617 978 2659 2145
97 928 295 1642
420 199 1441 634
580 318 2415 2551
360 507 1466 1556
693 268 2499 2353
768 406 3142 2487
388 38 974 82
987 584 1878 1941
665 447 2688 2186
964 221 2565 1811
80 593 2298 2261
216 251 1089 822
663 779 1352 977
720 874 1333 2328
808 71 2933 2717
375 440 2325 2160
202 797 1406 2883
740 493 1832 1849
72 335 1261 2200
481 588 1947 2343
136 12 697 744
512 922 2164 1875
290 650 1503 1514
979 640 2544 1479
753 652 1812 1841
420 83 528 1136
864 652 2555 2524
326 487 1911 2030
710 588 1941 1680
955 589 1967 1352
196 487 2414 2449
962 790 1807 1791
134 669 2871 2704
838 218 2725 2558
723 801 2439 3052
771 692 1978 2273
445 421 1892 1510
15 151 1257 2112
654 608 1043 1456
339 290 2321 2179
981 724 1514 1655
987 846 2241 1729
963 338 2603 1844
737 908 1637 1387
561 734 1802 2054
741 119 928 415
836 667 1979 2310
737 577 1015 1564
432 793 674 1770
719 74 1898 1221
974 290 2905 1911
893 239 1824 572
479 176 1488 963
515 639 2903 2497
581 828 2545 2896
243 834 1064 2523
346 687 1546 2092
162 690 2344 2885
189 260 2936 2540
360 566 2492 2639
867 425 1188 1312
99 617 1024 1058
636 570 730 819
819 962 2140 2334
803 591 3248 3072
383 791 1478 2017
78 954 913 1862
750 103 2813 1606
641 338 1718 1075
683 302 1857 1170
8 135 2410 2683
42 178 1463 1094
913 380 2096 1941
462 504 2775 2493
74 552 1634 2027
65 118 1207 660
511 747 1707 2246
53 679 1894 2915
22 850 671 1024
616 477 1747 1449
179 798 2546 2770
420 262 2352 2415
917 888 3298 2701
389 65 2090 2197
631 28 2498 1973
295 407 1645 2215
236 71 1702 1417
630 893 2181 2651
662 290 1413 1620
640 717 1677 1482
386 245 2453 2534
283 497 2425 2400
271 787 946 1708
530 700 2083 1778
622 459 2084 1586
567 614 2298 1508
538 670 2270 1817
758 752 2081 2621
759 34 2351 965
137 933 1715 1992
498 627 1398 1044
669 931 3294 3788
443 123 2629 2322
816 967 2712 3290
684 223 2423 1875
814 811 2867 2443
195 474 979 1397
447 889 2317 2490
503 89 1558 533
641 395 1343 1367
390 85 2549 2166
277 502 1158 1757
428 885 3024 3174
260 265 2435 2035
773 927 1718 1838
737 1 1341 944
935 80 1911 1290
37 712 1045 1827
47 539 2760 2697
829 858 2836 2981
862 675 2797 2164
608 542 990 1166
382 78 922 609
426 721 1703 1537
961 700 3011 2601
137 16 1956 2188
58 821 2016 2119
891 41 2296 2004
715 841 1315 2284
93 452 2082 2639
324 224 1033 1154
629 862 1215 2295
24 400 1115 1446
677 407 1828 1205
85 621 2487 2979
621 18 3087 2028
927 108 2029 1332
819 600 1907 1952
632 808 1607 2428
827 20 2022 1763
321 2 2227 1551
761 708 1478 972
260 842 1711 2712
63 113 963 778
411 12 2249 1609
7 507 2295 3163
790 441 2447 1710
402 472 488 1353
528 275 2146 2000
892 107 2459 1640
407 472 1879 1766
607 409 1978 1837
514 947 761 1494
632 756 2444 2291
553 160 2015 1766
42 629 1838 2298
466 154 1488 1144
776 267 3073 2852
216 469 465 985
793 947 2700 2398
117 626 1753 1929
866 154 2326 993
551 100 1937 2261
385 361 2214 2256
946 504 2051 1192
74 464 2280 2397
591 292 1601 1965
498 330 3153 2455
914 317 1831 1455
909 453 2966 2579
367 883 2882 3332
310 567 1237 1567
238 764 2447 2667
405 657 2339 2114
320 675 1166 1361
631 489 2797 3067
927 259 3133 2357
853 396 2787 2093
272 854 1994 2363
471 229 1124 603
33 366 1310 1463
982 208 2613 1907
538 887 1841 2089
509 633 2242 2111
593 258 1760 1506
937 94 3574 2246
492 817 1391 1262
389 710 1586 1824
569 182 2569 2224
807 527 2009 1059
664 693 1063 1794
48 909 835 2077
633 127 3123 2174
142 340 1199 947
430 935 1106 1693
29 927 2314 3126
321 293 1623 1469
270 671 1840 2684
986 40 2530 1575
262 312 2695 2519
556 248 1124 1339
332 99 973 621
66 26 158 189
695 380 3014 2479
854 88 3318 2287
837 577 2729 2372
323 448 1850 1544
411 908 914 1609
256 828 2444 3595
805 253 2984 1686
900 285 3108 1798
32 281 2853 2850
635 306 2129 1690
233 768 2090 3015
34 879 2966 3472
926 258 2111 1812
484 719 2484 2974
867 582 1539 1465
237 540 2177 1940
42 403 2698 2681
615 16 1358 841
325 698 2574 2674
339 396 1583 1334
280 911 495 1929
327 873 2107 2630
641 241 1939 1963
403 695 2519 2200
41 79 1416 1334
692 621 942 1731
639 893 1628 2196
892 850 1892 900
346 547 1587 2058
405 886 2295 3442
991 19 1856 1345
912 421 1337 1599
942 328 3573 2506
720 262 1569 1238
984 174 1691 1287
851 32 2464 964
917 290 2642 1727
248 269 1866 2219
993 148 1435 846
104 14 1761 1447
798 892 2577 2355
774 549 3247 3419
238 833 1084 1530
245 88 2575 2373
258 421 991 989
906 723 1458 2019
118 923 1875 2491
813 510 2504 2446
578 245 2623 2391
204 624 2887 3036
478 724 1060 1140
827 281 2248 1461
391 436 3255 3353
716 421 2216 1782
869 538 3031 2421
811 703 2670 2826
253 711 1561 2028
859 37 3257 2417
190 35 2414 2010
648 264 2372 2054
6 350 1627 2132
954 84 1785 834
944 308 2832 2786
82 118 1497 1319
704 658 2677 3349
745 21 3278 2187
97 573 2774 2691
767 355 1952 1669
941 150 2303 1491
337 7 1892 1885
209 909 1506 2576
30 506 1968 2610
410 655 1827 2381
41 595 1307 1850
596 20 2636 1515
734 281 1444 522
127 788 1171 1312
421 807 2003 2634
935 616 2069 2049
303 798 1724 1949
195 702 1252 1994
503 314 1996 1627
798 796 2312 2150
622 472 1193 1832
958 657 2213 1771
634 202 1172 1472
875 886 2065 1758
998 881 2708 1889
892 476 2235 1141
869 3 2247 1493
2 423 2513 2546
757 617 2015 2072
976 189 2794 2022
549 434 1632 1784
139 753 1081 1780
437 549 1970 2391
286 416 2213 2341
701 114 1366 606
185 355 1080 1773
756 313 1694 1227
196 144 1820 1432
466 173 1445 778
154 24 681 404
22 474 1228 2143
202 391 1443 1514
874 334 2438 1998
518 297 1332 1874
985 192 2102 816
527 99 1358 516
181 61 1454 2235
492 31 1091 542
360 187 708 757
711 833 1707 1929
694 140 2499 2327
658 694 2173 2103
484 851 1766 1921
60 87 248 242
227 576 2249 3185
565 86 760 336
928 629 2527 2077
737 596 2545 2344
116 202 902 1249
153 547 984 618
851 940 2079 2904
365 578 2402 2802
760 303 832 517
801 887 1623 2078
540 405 3233 2533
823 350 1401 1407
357 526 1953 1712
617 22 1652 1565
129 423 938 1343
53 855 1443 1872
369 457 2947 3115
67 635 1614 2306
511 754 2430 3388
626 870 2933 2811
701 279 3419 2930
176 993 1096 2016
641 413 2932 2371
424 877 2596 2729
313 40 1965 1839
112 932 2472 3500
90 685 1520 2906
651 314 1790 2298
605 192 2420 1930
292 608 1649 1639
541 467 3096 3017
215 77 647 1148
759 392 2949 2750
498 786 1922 2153
663 221 3207 3008
164 240 1747 1662
232 818 1907 2815
98 422 2137 2897
75 913 1540 2055
519 262 2287 1898
508 245 3343 3159
152 472 1111 1709
527 423 1602 1360
347 543 2112 1758
681 49 1266 862
954 758 2190 2542
620 430 3345 2896
185 226 2464 2258
359 923 659 1628
411 726 1880 2184
515 584 1114 635
948 196 3789 2199
705 404 1022 1154
736 36 2081 1663
838 936 1376 2212
625 841 1720 1820
634 662 1346 870
233 262 2471 2464
124 148 1335 1690
318 80 980 823
676 903 2753 2774
282 948 2129 3136
369 831 2077 2357
945 3 3320 1767
589 698 2836 2652
508 234 2362 1715
869 937 3306 3352
555 215 935 1302
954 82 2796 1751
951 815 1895 1469
788 73 1980 1834
941 8 3584 2918
200 778 1808 2721
153 867 366 1983
598 650 1864 2065
667 249 1365 1553
816 826 2293 2746
340 964 1459 2662
415 309 2508 2343
423 762 3168 2690
307 907 1687 2237
84 809 1676 1907
345 54 2453 1459
439 114 2567 2021
479 269 3390 2889
486 498 1828 1892
392 146 942 1171
98 807 630 1528
448 352 2386 2612
336 567 2675 2646
230 816 1852 2507
560 940 1687 2496
754 361 1723 1310
638 569 2380 2079
528 615 2375 2456
161 962 1093 2335
333 350 1711 1867
393 278 2579 2865
505 135 2368 1571
608 970 1905 1981
194 652 1482 1873
174 640 2498 2788
565 419 3144 2668
64 609 2124 2435
573 695 1414 1101
268 31 2414 1381
552 910 2178 2184
902 364 2030 1223
547 122 2029 1106
343 950 1692 2709
912 428 3092 1948
759 223 2698 2155
806 945 1993 2299
556 532 1580 1231
376 331 2607 2300
220 776 2368 2665
486 324 1198 1402
68 668 1956 2665
871 426 3681 3191
508 545 1929 2642
850 501 1663 1108
869 454 1274 1360
472 634 2547 2263
770 877 3156 3722
23 237 2017 2022
182 310 867 837
258 651 1044 1254
472 610 1184 1819
865 867 1839 1964
458 598 3084 2731
435 489 2564 2567
330 360 1446 1676
735 766 1264 1354
352 328 2864 2785
432 647 1778 2179
15 649 1582 1983
851 523 3345 2305
697 990 1845 2829
487 340 3256 2756
252 193 2588 2474
529 785 1391 1641
578 549 2050 2420
497 620 2528 2855
418 159 2652 2601
8 380 1910 1807
196 607 2633 3018
890 56 1057 815
954 741 2212 1783
599 904 2685 2926
240 584 544 1054
523 249 1798 1953
678 916 2289 3053
729 7 1662 421
784 899 1622 1739
514 929 1816 2667
651 748 1960 1275
916 629 3465 3047
91 693 2751 2910
551 236 2821 2723
180 394 2109 1530
78 578 785 837
975 170 3678 2537
282 214 1593 1341
810 882 1191 1792
538 321 2525 1790
189 759 1537 1669
860 614 2159 1944
82 431 1091 1285
281 296 1943 1312
376 135 542 1124
635 922 2257 3468
926 680 2444 2119
363 855 2680 3012
550 274 2227 2267
465 643 1870 1636
247 381 703 1706
320 989 2472 3574
948 578 1571 1566
694 20 1502 598
617 978 2659 2145
97 928 295 1642
420 199 1441 634
580 318 2415 2551
360 507 1466 1556
693 268 2499 2353
768 406 3142 2487
388 38 974 82
987 584 1878 1941
665 447 2688 2186
964 221 2565 1811
80 593 2298 2261
216 251 1089 822
663 779 1352 977
720 874 1333 2328
808 71 2933 2717
375 440 2325 2160
202 797 1406 2883
740 493 1832 1849
72 335 1261 2200
481 588 1947 2343
136 12 697 744
512 922 2164 1875
290 650 1503 1514
979 640 2544 1479
753 652 1812 1841
420 83 528 1136
864 652 2555 2524
326 487 1911 2030
710 588 1941 1680
955 589 1967 1352
196 487 2414 2449
962 790 1807 1791
134 669 2871 2704
838 218 2725 2558
723 801 2439 3052
771 692 1978 2273
445 421 1892 1510
15 151 1257 2112
654 608 1043 1456
339 290 2321 2179
981 724 1514 1655
987 846 2241 1729
963 338 2603 1844
737 908 1637 1387
561 734 1802 2054
741 119 928 415
836 667 1979 2310
737 577 1015 1564
432 793 674 1770
719 74 1898 1221
974 290 2905 1911
893 239 1824 572
479 176 1488 963
515 639 2903 2497
581 828 2545 2896
243 834 1064 2523
346 687 1546 2092
162 690 2344 2885
189 260 2936 2540
360 566 2492 2639
867 425 1188 1312
99 617 1024 1058
636 570 730 819
819 962 2140 2334
803 591 3248 3072
383 791 1478 2017
78 954 913 1862
750 103 2813 1606
641 338 1718 1075
683 302 1857 1170
8 135 2410 2683
42 178 1463 1094
913 380 2096 1941
462 504 2775 2493
74 552 1634 2027
65 118 1207 660
511 747 1707 2246
53 679 1894 2915
22 850 671 1024
616 477 1747 1449
179 798 2546 2770
420 262 2352 2415
917 888 3298 2701
389 65 2090 2197
631 28 2498 1973
295 407 1645 2215
236 71 1702 1417
630 893 2181 2651
662 290 1413 1620
640 717 1677 1482
386 245 2453 2534
283 497 2425 2400
271 787 946 1708
530 700 2083 1778
622 459 2084 1586
567 614 2298 1508
538 670 2270 1817
758 752 2081 2621
759 34 2351 965
137 933 1715 1992
498 627 1398 1044
669 931 3294 3788
443 123 2629 2322
816 967 2712 3290
684 223 2423 1875
814 811 2867 2443
195 474 979 1397
447 889 2317 2490
503 89 1558 533
641 395 1343 1367
390 85 2549 2166
277 502 1158 1757
428 885 3024 3174
260 265 2435 2035
773 927 1718 1838
737 1 1341 944
935 80 1911 1290
37 712 1045 1827
47 539 2760 2697
829 858 2836 2981
862 675 2797 2164
608 542 990 1166
382 78 922 609
426 721 1703 1537
961 700 3011 2601
137 16 1956 2188
58 821 2016 2119
891 41 2296 2004
715 841 1315 2284
93 452 2082 2639
324 224 1033 1154
629 862 1215 2295
24 400 1115 1446
677 407 1828 1205
85 621 2487 2979
621 18 3087 2028
927 108 2029 1332
819 600 1907 1952
632 808 1607 2428
827 20 2022 1763
321 2 2227 1551
761 708 1478 972
260 842 1711 2712
63 113 963 778
411 12 2249 1609
7 507 2295 3163
790 441 2447 1710
402 472 488 1353
528 275 2146 2000
892 107 2459 1640
407 472 1879 1766
607 409 1978 1837
514 947 761 1494
632 756 2444 2291
553 160 2015 1766
42 629 1838 2298
466 154 1488 1144
776 267 3073 2852
216 469 465 985
793 947 2700 2398
117 626 1753 1929
866 154 2326 993
551 100 1937 2261
385 361 2214 2256
946 504 2051 1192
74 464 2280 2397
591 292 1601 1965
498 330 3153 2455
914 317 1831 1455
909 453 2966 2579
367 883 2882 3332
310 567 1237 1567
238 764 2447 2667
405 657 2339 2114
320 675 1166 1361
631 489 2797 3067
927 259 3133 2357
853 396 2787 2093
272 854 1994 2363
471 229 1124 603
33 366 1310 1463
982 208 2613 1907
538 887 1841 2089
509 633 2242 2111
593 258 1760 1506
937 94 3574 2246
492 817 1391 1262
389 710 1586 1824
569 182 2569 2224
807 527 2009 1059
664 693 1063 1794
48 909 835 2077
633 127 3123 2174
142 340 1199 947
430 935 1106 1693
29 927 2314 3126
321 293 1623 1469
270 671 1840 2684
986 40 2530 1575
262 312 2695 2519
556 248 1124 1339
332 99 973 621
66 26 158 189
695 380 3014 2479
854 88 3318 2287
837 577 2729 2372
323 448 1850 1544
411 908 914 1609
256 828 2444 3595
805 253 2984 1686
900 285 3108 1798
32 281 2853 2850
635 306 2129 1690
233 768 2090 3015
34 879 2966 3472
926 258 2111 1812
484 719 2484 2974
867 582 1539 1465
237 540 2177 1940
42 403 2698 2681
615 16 1358 841
325 698 2574 2674
339 396 1583 1334
280 911 495 1929
327 873 2107 2630
641 241 1939 1963
403 695 2519 2200
41 79 1416 1334
692 621 942 1731
639 893 1628 2196
892 850 1892 900
346 547 1587 2058
405 886 2295 3442
991 19 1856 1345
912 421 1337 1599
942 328 3573 2506
720 262 1569 1238
984 174 1691 1287
851 32 2464 964
917 290 2642 1727
248 269 1866 2219
993 148 1435 846
104 14 1761 1447
798 892 2577 2355
774 549 3247 3419
238 833 1084 1530
245 88 2575 2373
258 421 991 989
906 723 1458 2019
118 923 1875 2491
813 510 2504 2446
578 245 2623 2391
204 624 2887 3036
478 724 1060 1140
827 281 2248 1461
391 436 3255 3353
716 421 2216 1782
869 538 3031 2421
811 703 2670 2826
253 711 1561 2028
859 37 3257 2417
190 35 2414 2010
648 264 2372 2054
6 350 1627 2132
954 84 1785 834
944 308 2832 2786
82 118 1497 1319
704 658 2677 3349
745 21 3278 2187
97 573 2774 2691
767 355 1952 1669
941 150 2303 1491
337 7 1892 1885
209 909 1506 2576
30 506 1968 2610
410 655 1827 2381
41 595 1307 1850
596 20 2636 1515
734 281 1444 522
127 788 1171 1312
421 807 2003 2634
935 616 2069 2049
303 798 1724 1949
195 702 1252 1994
503 314 1996 1627
798 796 2312 2150
622 472 1193 1832
958 657 2213 1771
634 202 1172 1472
875 886 2065 1758
998 881 2708 1889
892 476 2235 1141
869 3 2247 1493
2 423 2513 2546
757 617 2015 2072
976 189 2794 2022
549 434 1632 1784
139 753 1081 1780
437 549 1970 2391
286 416 2213 2341
701 114 1366 606
185 355 1080 1773
756 313 1694 1227
196 144 1820 1432
466 173 1445 778
154 24 681 404
22 474 1228 2143
202 391 1443 1514
874 334 2438 1998
518 297 1332 1874
985 192 2102 816
527 99 1358 516
181 61 1454 2235
492 31 1091 542
360 187 708 757
711 833 1707 1929
694 140 2499 2327
658 694 2173 2103
484 851 1766 1921
60 87 248 242
227 576 2249 3185
565 86 760 336
928 629 2527 2077
737 596 2545 2344
116 202 902 1249
153 547 984 618
851 940 2079 2904
365 578 2402 2802
760 303 832 517
801 887 1623 2078
540 405 3233 2533
823 350 1401 1407
357 526 1953 1712
617 22 1652 1565
129 423 938 1343
53 855 1443 1872
369 457 2947 3115
67 635 1614 2306
511 754 2430 3388
626 870 2933 2811
701 279 3419 2930
176 993 1096 2016
641 413 2932 2371
424 877 2596 2729
313 40 1965 1839
112 932 2472 3500
90 685 1520 2906
651 314 1790 2298
605 192 2420 1930
292 608 1649 1639
541 467 3096 3017
215 77 647 1148
759 392 2949 2750
498 786 1922 2153
663 221 3207 3008
164 240 1747 1662
232 818 1907 2815
98 422 2137 2897
75 913 1540 2055
519 262 2287 1898
508 245 3343 3159
152 472 1111 1709
527 423 1602 1360
347 543 2112 1758
681 49 1266 862
954 758 2190 2542
620 430 3345 2896
185 226 2464 2258
359 923 659 1628
411 726 1880 2184
515 584 1114 635
948 196 3789 2199
705 404 1022 1154
736 36 2081 1663
838 936 1376 2212
625 841 1720 1820
634 662 1346 870
233 262 2471 2464
124 148 1335 1690
318 80 980 823
676 903 2753 2774
282 948 2129 3136
369 831 2077 2357
945 3 3320 1767
589 698 2836 2652
508 234 2362 1715
869 937 3306 3352
555 215 935 1302
954 82 2796 1751
951 815 1895 1469
788 73 1980 1834
941 8 3584 2918
200 778 1808 2721
153 867 366 1983
598 650 1864 2065
667 249 1365 1553
816 826 2293 2746
340 964 1459 2662
415 309 2508 2343
423 762 3168 2690
307 907 1687 2237
84 809 1676 1907
345 54 2453 1459
439 114 2567 2021
479 269 3390 2889
486 498 1828 1892
392 146 942 1171
98 807 630 1528
448 352 2386 2612
336 567 2675 2646
230 816 1852 2507
560 940 1687 2496
754 361 1723 1310
638 569 2380 2079
528 615 2375 2456
161 962 1093 2335
333 350 1711 1867
393 278 2579 2865
505 135 2368 1571
608 970 1905 1981
194 652 1482 1873
174 640 2498 2788
565 419 3144 2668
64 609 2124 2435
573 695 1414 1101
268 31 2414 1381
552 910 2178 2184
902 364 2030 1223
547 122 2029 1106
343 950 1692 2709
912 428 3092 1948
759 223 2698 2155
806 945 1993 2299
556 532 1580 1231
376 331 2607 2300
220 776 2368 2665
486 324 1198 1402
68 668 1956 2665
871 426 3681 3191
508 545 1929 2642
850 501 1663 1108
869 454 1274 1360
472 634 2547 2263
770 877 3156 3722
23 237 2017 2022
182 310 867 837
258 651 1044 1254
472 610 1184 1819
865 867 1839 1964
458 598 3084 2731
435 489 2564 2567
330 360 1446 1676
735 766 1264 1354
352 328 2864 2785
432 647 1778 2179
15 649 1582 1983
851 523 3345 2305
697 990 1845 2829
487 340 3256 2756
252 193 2588 2474
529 785 1391 1641
578 549 2050 2420
497 620 2528 2855
418 159 2652 2601
8 380 1910 1807
196 607 2633 3018
890 56 1057 815
954 741 2212 1783
599 904 2685 2926
240 584 544 1054
523 249 1798 1953
678 916 2289 3053
729 7 1662 421
784 899 1622 1739
514 929 1816 2667
651 748 1960 1275
916 629 3465 3047
91 693 2751 2910
551 236 2821 2723
180 394 2109 1530
78 578 785 837
975 170 3678 2537
282 214 1593 1341
810 882 1191 1792
538 321 2525 1790
189 759 1537 1669
860 614 2159 1944
82 431 1091 1285
281 296 1943 1312
376 135 542 1124
635 922 2257 3468
926 680 2444 2119
363 855 2680 3012
550 274 2227 2267
465 643 1870 1636
247 381 703 1706
320 989 2472 3574
948 578 1571 1566
694 20 1502 598
617 978 2659 2145
97 928 295 1642
420 199 1441 634
580 318 2415 2551
360 507 1466 1556
693 268 2499 2353
768 406 3142 2487
388 38 974 82
987 584 1878 1941
665 447 2688 2186
964 221 2565 1811
80 593 2298 2261
216 251 1089 822
663 779 1352 977
720 874 1333 2328
808 71 2933 2717
375 440 2325 2160
202 797 1406 2883
740 493 1832 1849
72 335 1261 2200
481 588 1947 2343
136 12 697 744
512 922 2164 1875
290 650 1503 1514
979 640 2544 1479
753 652 1812 1841
420 83 528 1136
864 652 2555 2524
326 487 1911 2030
710 588 1941 1680
955 589 1967 1352
196 487 2414 2449
962 790 1807 1791
134 669 2871 2704
838 218 2725 2558
723 801 2439 3052
771 692 1978 2273
445 421 1892 1510
15 151 1257 2112
654 608 1043 1456
339 290 2321 2179
981 724 1514 1655
987 846 2241 1729
963 338 2603 1844
737 908 1637 1387
561 734 1802 2054
741 119 928 415
836 667 1979 2310
737 577 1015 1564
432 793 674 1770
719 74 1898 1221
974 290 2905 1911
893 239 1824 572
479 176 1488 963
515 639 2903 2497
581 828 2545 2896
243 834 1064 2523
346 687 1546 2092
162 690 2344 2885
189 260 2936 2540
360 566 2492 2639
867 425 1188 1312
99 617 1024 1058
636 570 730 819
819 962 2140 2334
803 591 3248 3072
383 791 1478 2017
78 954 913 1862
750 103 2813 1606
641 338 1718 1075
683 302 1857 1170
8 135 2410 2683
42 178 1463 1094
913 380 2096 1941
462 504 2775 2493
74 552 1634 2027
65 118 1207 660
511 747 1707 2246
53 679 1894 2915
22 850 671 1024
616 477 1747 1449
179 798 2546 2770
420 262 2352 2415
917 888 3298 2701
389 65 2090 2197
631 28 2498 1973
295 407 1645 2215
236 71 1702 1417
630 893 2181 2651
662 290 1413 1620
640 717 1677 1482
386 245 2453 2534
283 497 2425 2400
271 787 946 1708
530 700 2083 1778
622 459 2084 1586
567 614 2298 1508
538 670 2270 1817
758 752 2081 2621
759 34 2351 965
137 933 1715 1992
498 627 1398 1044
669 931 3294 3788
443 123 2629 2322
816 967 2712 3290
684 223 2423 1875
814 811 2867 2443
195 474 979 1397
447 889 2317 2490
503 89 1558 533
641 395 1343 1367
390 85 2549 2166
277 502 1158 1757
428 885 3024 3174
260 265 2435 2035
773 927 1718 1838
737 1 1341 944
935 80 1911 1290
37 712 1045 1827
47 539 2760 2697
829 858 2836 2981
862 675 2797 2164
608 542 990 1166
382 78 922 609
426 721 1703 1537
961 700 3011 2601
137 16 1956 2188
58 821 2016 2119
891 41 2296 2004
715 841 1315 2284
93 452 2082 2639
324 224 1033 1154
629 862 1215 2295
24 400 1115 1446
677 407 1828 1205
85 621 2487 2979
621 18 3087 2028
927 108 2029 1332
819 600 1907 1952
632 808 1607 2428
827 20 2022 1763
321 2 2227 1551
761 708 1478 972
260 842 1711 2712
63 113 963 778
411 12 2249 1609
7 507 2295 3163
790 441 2447 1710
402 472 488 1353
528 275 2146 2000
892 107 2459 1640
407 472 1879 1766
607 409 1978 1837
514 947 761 1494
632 756 2444 2291
553 160 2015 1766
42 629 1838 2298
466 154 1488 1144
776 267 3073 2852
216 469 465 985
793 947 2700 2398
117 626 1753 1929
866 154 2326 993
551 100 1937 2261
385 361 2214 2256
946 504 2051 1192
74 464 2280 2397
591 292 1601 1965
498 330 3153 2455
914 317 1831 1455
909 453 2966 2579
367 883 2882 3332
310 567 1237 1567
238 764 2447 2667
405 657 2339 2114
320 675 1166 1361
631 489 2797 3067
927 259 3133 2357
853 396 2787 2093
272 854 1994 2363
471 229 1124 603
33 366 1310 1463
982 208 2613 1907
538 887 1841 2089
509 633 2242 2111
593 258 1760 1506
937 94 3574 2246
492 817 1391 1262
389 710 1586 1824
569 182 2569 2224
807 527 2009 1059
664 693 1063 1794
48 909 835 2077
633 127 3123 2174
142 340 1199 947
430 935 1106 1693
29 927 2314 3126
321 293 1623 1469
270 671 1840 2684
986 40 2530 1575
262 312 2695 2519
556 248 1124 1339
332 99 973 621
66 26 158 189
695 380 3014 2479
854 88 3318 2287
837 577 2729 2372
323 448 1850 1544
411 908 914 1609
256 828 2444 3595
805 253 2984 1686
900 285 3108 1798
32 281 2853 2850
635 306 2129 1690
233 768 2090 3015
34 879 2966 3472
926 258 2111 1812
484 719 2484 2974
867 582 1539 1465
237 540 2177 1940
42 403 2698 2681
615 16 1358 841
325 698 2574 2674
339 396 1583 1334
280 911 495 1929
327 873 2107 2630
641 241 1939 1963
403 695 2519 2200
41 79 1416 1334
692 621 942 1731
639 893 1628 2196
892 850 1892 900
346 547 1587 2058
405 886 2295 3442
991 19 1856 1345
912 421 1337 1599
942 328 3573 2506
720 262 1569 1238
984 174 1691 1287
851 32 2464 964
917 290 2642 1727
248 269 1866 2219
993 148 1435 846
104 14 1761 1447
798 892 2577 2355
774 549 3247 3419
238 833 1084 1530
245 88 2575 2373
258 421 991 989
906 723 1458 2019
118 923 1875 2491
813 510 2504 2446
578 245 2623 2391
204 624 2887 3036
